6 1
1 2 10
2 3 10
3 4 100
4 5 10
5 6 10

0.000
0.000
0.000
0.000
0.439
0.584
0.503
0.520
0.629
0.256
0.000
0.000
0.000
0.445
0.605
0.470
0.623
0.622
0.469
0.002
0.000
0.420
0.000
0.000
0.520
0.512
0.270
0.002
0.000
0.000
0.000
0.001
0.000
0.000
0.000
0.000
0.002
0.000
0.000
0.000
0.000
0.000
0.000
0.000
0.000
0.439
0.584
0.503
0.520
0.629
0.256
0.000
0.000
0.000
0.445
0.605
0.470
0.623
0.622
0.469
0.002
0.000
0.420
0.000
0.000
0.520
0.512
0.270
0.002
0.000
0.000
0.000
0.001
0.000
0.000
0.000
0.000
0.002
0.000
0.000
0.488
0.462
0.332
0.191
0.628
0.496
0.500
0.518
0.548
0.503
0.500
0.445
0.422
0.475
0.375
0.587
0.566